MA total recommendation: 1855

MA training data matrix:
[[0, 0, 0, 0, 1, 0, 1, 1, 1, 1, 1, 1, 1], [0, 0, 0, 0, 0, 1, 1, 1, 1, 1, 1, 1, 1], [0, 0, -1, 0, 0, 0, -1, -1, -1, -1, -1, -1, -1], [0, 0, -1, 0, 0, 0, -1, -1, -1, -1, -1, -1, -1], [0, 0, -1, 0, 0, 0, -1, 0, -1, -1, -1, -1, -1], [0, 0, 0, 0, -1, -1, -1, -1, -1, -1, -1, -1, -1], [0, 0, 0, -1, -1, -1, -1, -1, 0, -1, -1, -1, -1], [0, 0, 0, 0, -1, -1, -1, -1, -1, -1, -1, -1, -1], [0, 0, 0, 0, -1, -1, -1, -1, -1, -1, -1, -1, -1], [0, 0, 0, 1, 1, 0, 1, 1, 1, 1, 1, 1, 1], [0, 0, 1, 1, 1, 0, 1, 0, 1, 1, 1, 1, 1], [0, 0, 0, 0, -1, -1, -1, -1, -1, -1, -1, 0, -1], [0, 0, 0, 0, -1, -1, -1, -1, -1, -1, -1, -1, -1], [0, 0, -1, 0, -1, 0, -1, -1, -1, -1, -1, -1, -1], [0, 0, 0, 0, -1, -1, -1, -1, -1, -1, -1, -1, -1], [0, 0, 0, 1, 1, 0, 1, 1, 1, 1, 1, 1, 1], [1, 1, 0, 1, 1, 1, 1, 1, 0, 1, 0, 1, 1], [0, -1, 0, -1, -1, -1, -1, -1, 0, -1, -1, -1, -1], [0, 0, 0, 1, 1, 1, 1, 1, 1, 1, 1, 1, 1], [0, 0, 0, 1, 1, 1, 1, 1, 1, 1, 1, 1, 1], [0, 0, 0, 1, 1, 1, 1, 1, 1, 1, 1, 1, 1], [0, 0, 0, -1, -1, -1, -1, -1, -1, -1, -1, -1, -1], [0, 0, 0, -1, -1, -1, -1, -1, -1, -1, -1, -1, -1], [0, 0, 0, -1, -1, -1, -1, -1, -1, -1, -1, -1, -1], [0, -1, 0, -1, -1, -1, -1, -1, 0, -1, -1, -1, -1], [0, 0, 0, -1, -1, -1, -1, -1, -1, -1, -1, 0, -1], [0, 0, -1, 0, -1, -1, -1, -1, -1, -1, -1, -1, -1], [-1, -1, 0, -1, -1, -1, -1, -1, 0, -1, 0, -1, -1], [0, 0, 0, -1, -1, -1, -1, -1, -1, -1, -1, -1, -1], [-1, -1, 0, -1, -1, -1, -1, -1, 0, -1, -1, -1, -1], [0, 0, -1, -1, -1, -1, -1, -1, -1, -1, -1, -1, -1], [-1, -1, 0, -1, -1, -1, -1, -1, 0, -1, -1, -1, -1], [-1, -1, 0, -1, -1, -1, -1, -1, 0, -1, -1, -1, -1], [-1, -1, 0, -1, -1, -1, -1, -1, 0, -1, -1, -1, -1], [0, 0, 1, 1, 1, 1, 1, 1, 1, 1, 1, 1, 1], [0, 0, 1, 1, 1, 1, 1, 1, 1, 1, 1, 0, 1], [0, 0, -1, 0, -1, -1, -1, -1, -1, -1, -1, -1, -1], [-1, -1, 0, -1, -1, -1, -1, -1, 0, -1, -1, -1, -1], [-1, -1, 0, -1, -1, -1, -1, -1, -1, -1, -1, 0, -1], [0, -1, 0, -1, -1, -1, -1, -1, -1, -1, -1, -1, -1], [-1, -1, 0, -1, -1, -1, -1, -1, -1, -1, -1, -1, -1], [-1, -1, 0, -1, -1, -1, -1, -1, -1, -1, -1, -1, -1], [-1, -1, 0, -1, -1, -1, -1, -1, -1, -1, -1, -1, -1], [-1, -1, 0, -1, -1, -1, -1, -1, -1, -1, -1, -1, -1], [-1, -1, 0, -1, -1, -1, -1, -1, -1, -1, -1, -1, -1], [-1, -1, 0, -1, -1, -1, -1, -1, -1, -1, -1, -1, -1], [0, 0, -1, -1, -1, -1, -1, -1, -1, -1, -1, -1, -1], [0, 0, -1, -1, -1, -1, -1, -1, -1, -1, -1, -1, -1], [-1, -1, 0, -1, -1, -1, -1, -1, -1, -1, -1, -1, -1], [0, 0, -1, -1, -1, -1, -1, -1, -1, -1, -1, -1, -1], [0, 0, -1, -1, -1, -1, -1, -1, -1, -1, -1, -1, -1], [0, -1, -1, -1, -1, -1, -1, -1, -1, -1, -1, -1, -1], [-1, -1, 0, -1, -1, -1, -1, -1, -1, -1, -1, 0, -1], [-1, -1, 0, -1, -1, -1, -1, -1, -1, -1, -1, -1, -1], [0, 0, -1, -1, -1, -1, -1, -1, -1, -1, -1, -1, -1], [-1, -1, 0, -1, -1, -1, -1, -1, -1, -1, -1, -1, -1], [1, 1, 0, 1, 1, 1, 1, 1, 1, 1, 1, 1, 1], [1, 1, 0, 1, 1, 1, 1, 1, 1, 1, 1, 1, 1], [1, 1, 1, 1, 1, 1, 1, 1, 1, 1, 1, 1, 1], [-1, -1, -1, -1, -1, -1, -1, -1, -1, -1, -1, -1, -1], [-1, -1, -1, -1, -1, -1, -1, -1, -1, -1, -1, -1, -1], [-1, -1, -1, -1, -1, -1, -1, -1, -1, -1, -1, -1, -1], [-1, -1, -1, -1, -1, -1, -1, -1, -1, -1, -1, -1, -1], [1, 1, 1, 1, 1, 1, 1, 1, 1, 1, 1, 1, 1], [1, 1, 1, 1, 1, 1, 1, 1, 1, 1, 1, 1, 1], [-1, -1, -1, -1, -1, -1, -1, -1, -1, -1, -1, -1, -1], [1, 1, 1, 1, 1, 1, 1, 1, 1, 1, 1, 1, 1], [0, -1, -1, -1, -1, -1, -1, -1, -1, -1, -1, -1, -1], [0, -1, -1, -1, -1, -1, -1, -1, -1, -1, -1, -1, -1], [-1, -1, -1, -1, -1, -1, -1, -1, -1, -1, -1, -1, -1], [-1, -1, -1, -1, -1, -1, -1, -1, -1, -1, -1, 0, -1], [-1, -1, -1, -1, -1, -1, -1, -1, -1, -1, -1, -1, -1], [-1, -1, -1, -1, -1, -1, -1, -1, -1, -1, -1, -1, -1], [-1, -1, -1, -1, -1, -1, -1, -1, -1, -1, -1, -1, -1], [-1, -1, -1, -1, -1, -1, -1, -1, -1, -1, -1, -1, -1], [-1, -1, -1, -1, -1, -1, -1, -1, -1, -1, -1, -1, -1], [-1, -1, -1, -1, -1, -1, -1, -1, -1, -1, -1, -1, -1], [-1, -1, -1, -1, -1, -1, -1, -1, -1, -1, -1, -1, -1], [-1, -1, -1, -1, -1, -1, -1, -1, -1, -1, -1, -1, -1], [-1, -1, -1, -1, -1, -1, -1, -1, -1, -1, -1, -1, -1], [-1, -1, -1, -1, -1, -1, -1, -1, -1, -1, -1, -1, -1], [-1, -1, -1, -1, -1, -1, -1, -1, -1, -1, -1, -1, -1], [-1, -1, -1, -1, -1, -1, -1, -1, -1, -1, -1, -1, -1], [-1, -1, -1, -1, -1, -1, -1, -1, -1, -1, -1, -1, -1], [-1, -1, -1, -1, -1, -1, -1, -1, -1, -1, -1, -1, -1], [-1, -1, -1, -1, -1, -1, -1, -1, -1, -1, -1, -1, -1], [-1, -1, -1, -1, -1, -1, -1, -1, -1, -1, -1, -1, -1], [-1, -1, -1, -1, -1, -1, -1, -1, -1, -1, -1, -1, -1], [-1, -1, -1, -1, -1, -1, -1, -1, -1, -1, -1, -1, -1], [-1, -1, -1, -1, -1, -1, -1, -1, -1, -1, -1, -1, -1], [-1, -1, -1, -1, -1, -1, -1, -1, -1, -1, -1, -1, -1], [-1, -1, -1, -1, -1, -1, -1, -1, -1, -1, -1, -1, -1], [-1, -1, -1, -1, -1, -1, -1, -1, -1, -1, -1, -1, -1], [-1, -1, -1, -1, -1, -1, -1, -1, -1, -1, -1, -1, -1], [-1, -1, -1, -1, -1, -1, -1, -1, -1, -1, -1, -1, -1], [-1, -1, -1, -1, -1, -1, -1, -1, -1, -1, -1, -1, -1], [-1, -1, -1, -1, -1, -1, -1, -1, -1, -1, -1, -1, -1], [-1, -1, -1, -1, -1, -1, -1, -1, -1, -1, -1, -1, -1], [-1, -1, -1, -1, -1, -1, -1, -1, -1, -1, -1, -1, -1]]

Data matrix info:
total number of elements is 1287
total number of value zero is 162
total number of value one is 180
total number of value negative one is 945
Recommendation made by analysts:
Cap_1B+ 59
Big_1500 65
Big_2000 68
Big_1000 86
Cap_5B+ 99
Big_750 103
SP500 118
Big_500 127
S7-Fin 142
Big_250 174
S7-Fin(exAllETF) 217
Very_High_Liquidity 255
Big_100 296

MA analyst id in data matrix row:
{'Cap_1B+': 0, 'Big_1500': 1, 'Big_2000': 2, 'Big_1000': 3, 'Cap_5B+': 4, 'Big_750': 5, 'SP500': 6, 'Big_500': 7, 'S7-Fin': 8, 'Big_250': 9, 'S7-Fin(exAllETF)': 10, 'Very_High_Liquidity': 11, 'Big_100': 12}

Recommendation made on important dates:
2012-02-02 8
2012-10-26 8
2012-12-06 8
2013-01-30 8
2013-07-17 8
2012-04-27 9
2012-05-10 9
2012-05-15 9
2012-05-16 9
2012-06-13 9
2012-06-14 9
2012-09-07 9
2012-12-18 9
2013-06-27 9
2013-07-01 9
2013-12-19 9
2012-03-02 10
2012-05-14 10
2012-07-25 10
2012-08-22 10
2012-09-27 10
2012-12-17 10
2012-12-19 10
2013-01-14 10
2013-04-08 10
2013-06-11 10
2013-07-09 10
2013-08-02 10
2013-10-18 10
2012-02-13 11
2012-03-12 11
2012-04-18 11
2012-04-19 11
2012-04-20 11
2012-07-11 11
2012-08-27 11
2012-11-13 11
2013-01-10 11
2013-05-29 11
2013-11-05 11
2012-03-13 12
2012-04-09 12
2012-07-16 12
2012-07-18 12
2012-07-30 12
2012-07-31 12
2012-09-10 12
2012-12-03 12
2013-01-09 12
2013-01-16 12
2013-01-29 12
2013-04-11 12
2013-05-30 12
2013-07-15 12
2013-07-29 12
2013-11-01 12
2013-12-11 12
2013-12-12 12
2012-01-03 13
2012-02-10 13
2012-04-04 13
2012-04-17 13
2012-04-30 13
2012-06-29 13
2012-07-10 13
2012-07-27 13
2012-08-23 13
2012-12-27 13
2013-04-02 13
2013-04-03 13
2013-05-31 13
2013-06-20 13
2012-04-10 14
2012-04-26 14
2012-05-01 14
2012-07-17 14
2012-09-11 14
2012-09-12 14
2012-11-14 14
2012-12-21 14
2012-12-24 14
2012-12-26 14
2013-01-03 14
2013-01-04 14
2013-01-07 14
2013-01-08 14
2013-01-11 14
2013-01-17 14
2013-01-18 14
2013-01-22 14
2013-01-23 14
2013-04-12 14
2013-06-21 14
2013-06-26 14
2013-07-02 14
2013-07-03 14
2013-07-16 14
2013-07-22 14
2013-07-24 14


IF result for trustworthiness:
[7.98542611312377e-24, 1.6160939977087286e-19, 8.635861062611817e-28, 5.403528463184762e-07, 0.03413032727279007, 0.0005958854567469549, 0.2772573205936556, 0.0997436742001353, 3.974060358112729e-07, 0.27725732059365554, 0.03359903158413666, 0.00015818194634218595, 0.27725732059365554]
