PXD total recommendation: 1738

PXD training data matrix:
[[0, 0, 0, 0, 0, 0, 1, 1, 1, 1, 1, 1, 1, 1], [0, 0, 0, 0, -1, -1, -1, -1, -1, -1, -1, -1, 0, 0], [0, 0, 0, 0, 0, 0, 1, 1, 1, 1, 1, 1, 1, 1], [0, 0, 0, 0, -1, -1, 0, -1, -1, -1, -1, -1, 0, -1], [0, -1, 0, 0, -1, -1, 0, -1, -1, -1, -1, -1, 0, 0], [0, -1, 0, 0, -1, -1, 0, -1, -1, -1, -1, -1, 0, 0], [0, -1, 0, 0, -1, -1, 0, -1, -1, -1, -1, -1, 0, 0], [0, -1, 0, 0, -1, -1, 0, -1, -1, -1, -1, -1, 0, 0], [0, -1, 0, 0, -1, -1, 0, -1, -1, -1, -1, -1, 0, 0], [1, 1, 0, 1, 0, 0, 0, 0, 1, 1, 0, 1, 1, 1], [0, -1, 0, 0, 0, 0, 0, -1, -1, -1, -1, -1, -1, -1], [0, 1, 1, 0, 0, 0, 0, 1, 0, 1, 1, 1, 1, 1], [0, 1, 1, 0, 0, 0, 0, 0, 1, 1, 1, 1, 1, 1], [0, 0, 0, 0, -1, -1, 0, -1, -1, -1, -1, -1, -1, -1], [0, 0, 0, 0, 0, -1, -1, -1, -1, -1, -1, -1, -1, -1], [0, 0, 0, 0, -1, -1, 0, -1, -1, -1, -1, -1, -1, -1], [0, 0, 0, 0, -1, -1, 0, -1, -1, -1, -1, -1, -1, -1], [0, 0, 0, 1, 0, 0, 1, 1, 1, 1, 1, 1, 1, 1], [0, 0, 0, 0, -1, -1, 0, -1, -1, -1, -1, -1, -1, -1], [0, -1, 0, 0, -1, -1, 0, -1, -1, -1, -1, -1, 0, -1], [0, -1, 0, 0, -1, -1, 0, -1, -1, -1, -1, -1, 0, 1], [0, 1, 0, 0, 0, 0, 1, 1, 1, 1, 1, 1, 1, 1], [0, -1, -1, 0, -1, -1, 0, -1, -1, -1, -1, -1, 0, 0], [0, 0, 0, 0, -1, -1, -1, -1, -1, -1, -1, -1, -1, -1], [0, 0, 0, 0, -1, -1, -1, -1, -1, -1, -1, -1, -1, -1], [0, 0, 0, 0, -1, -1, -1, -1, -1, -1, -1, -1, -1, -1], [0, 0, 0, 0, -1, -1, -1, -1, -1, -1, -1, -1, -1, -1], [-1, 0, -1, -1, -1, -1, 0, -1, -1, -1, -1, -1, 0, 0], [0, 0, 0, 0, -1, -1, -1, -1, -1, -1, -1, -1, -1, -1], [0, 0, 0, 0, 1, 1, 1, 1, 1, 1, 1, 1, 1, 1], [1, 1, 0, 1, 0, 0, 1, 0, 1, 1, 1, 1, 1, 1], [0, 1, 1, 1, 0, 0, 0, 1, 1, 1, 1, 1, 1, 1], [0, 1, 1, 0, 1, 1, 0, 1, 0, 1, 1, 1, 1, 1], [0, 0, 0, -1, -1, -1, -1, -1, -1, -1, -1, -1, -1, -1], [0, 0, 0, -1, -1, -1, -1, -1, -1, -1, -1, -1, -1, -1], [0, 0, 0, -1, -1, -1, -1, -1, -1, -1, -1, -1, -1, -1], [0, 0, 0, 1, 1, 1, 1, 1, 1, 1, 1, 1, 1, 1], [0, 0, 0, 1, 1, 1, 1, 1, 1, 1, 1, 1, 1, 1], [0, 0, 0, -1, -1, -1, -1, -1, -1, -1, -1, -1, -1, -1], [0, 1, 0, 0, 1, 1, 1, 1, 1, 1, 1, 1, 1, 1], [0, 1, 0, 0, 1, 1, 1, 1, 1, 1, 1, 1, 1, 1], [0, 1, 1, 0, 1, 1, 0, 1, 1, 1, 1, 1, 1, 1], [0, 1, 1, 0, 1, 1, 0, 1, 1, 1, 1, 1, 1, 1], [0, 1, 1, 0, 1, 1, 0, 1, 1, 1, 1, 1, 1, 1], [0, 1, 1, 0, 1, 1, 0, 1, 1, 1, 1, 1, 1, 1], [-1, 0, 0, -1, -1, -1, -1, -1, -1, -1, -1, -1, -1, -1], [-1, 0, 0, -1, -1, -1, -1, -1, -1, -1, -1, -1, -1, -1], [-1, 0, 0, -1, -1, -1, -1, -1, -1, -1, -1, -1, -1, -1], [-1, 0, 0, -1, -1, -1, -1, -1, -1, -1, -1, -1, -1, -1], [-1, 0, 0, -1, -1, -1, -1, -1, -1, -1, -1, -1, -1, -1], [-1, 0, 0, -1, -1, -1, -1, -1, -1, -1, -1, -1, -1, -1], [-1, 0, 0, -1, -1, -1, -1, -1, -1, -1, -1, -1, -1, -1], [-1, 0, 0, -1, -1, -1, -1, -1, -1, -1, -1, -1, -1, -1], [-1, 0, 0, -1, -1, -1, -1, -1, -1, -1, -1, -1, -1, -1], [-1, 0, 0, -1, -1, -1, -1, -1, -1, -1, -1, -1, -1, -1], [-1, 0, 0, -1, -1, -1, -1, -1, -1, -1, -1, -1, -1, -1], [-1, 0, 0, -1, -1, -1, -1, -1, -1, -1, -1, -1, -1, -1], [-1, 0, 0, -1, -1, -1, -1, -1, -1, -1, -1, -1, -1, -1], [-1, 0, 0, -1, -1, -1, -1, -1, -1, -1, -1, -1, -1, -1], [-1, 0, 0, -1, -1, -1, -1, -1, -1, -1, -1, -1, -1, -1], [-1, 0, 0, -1, -1, -1, -1, -1, -1, -1, -1, -1, -1, -1], [-1, 0, 0, -1, -1, -1, -1, -1, -1, -1, -1, -1, -1, -1], [-1, 0, 0, -1, -1, -1, -1, -1, -1, -1, -1, -1, -1, -1], [-1, 0, 0, -1, -1, -1, -1, -1, -1, -1, -1, -1, -1, -1], [-1, 0, 0, -1, -1, -1, -1, -1, -1, -1, -1, -1, -1, -1], [-1, 0, 0, -1, -1, -1, -1, -1, -1, -1, -1, -1, -1, -1], [-1, 0, 0, -1, -1, -1, -1, -1, -1, -1, -1, -1, -1, -1], [-1, 0, -1, -1, -1, -1, 0, -1, -1, -1, -1, -1, -1, -1], [-1, 0, -1, -1, -1, -1, 0, -1, -1, -1, -1, -1, -1, -1], [-1, 0, -1, -1, -1, -1, 0, -1, -1, -1, -1, -1, -1, -1], [-1, 0, 0, -1, -1, -1, -1, -1, -1, -1, -1, -1, -1, -1], [-1, 0, -1, -1, -1, -1, 0, -1, -1, -1, -1, -1, -1, -1], [-1, 0, -1, -1, -1, -1, 0, -1, -1, -1, -1, -1, -1, -1], [-1, 0, -1, -1, -1, -1, 0, -1, -1, -1, -1, -1, -1, -1], [-1, 0, 0, -1, -1, -1, -1, -1, -1, -1, -1, -1, -1, -1], [-1, 0, 0, -1, -1, -1, -1, -1, -1, -1, -1, -1, -1, -1], [-1, 0, 0, -1, -1, -1, -1, -1, -1, -1, -1, -1, -1, -1], [-1, 0, 0, -1, -1, -1, -1, -1, -1, -1, -1, -1, -1, -1], [-1, 0, 0, -1, -1, -1, -1, -1, -1, -1, -1, -1, -1, -1], [-1, 0, 0, -1, -1, -1, -1, -1, -1, -1, -1, -1, -1, -1], [0, -1, -1, -1, -1, -1, 0, -1, -1, -1, -1, -1, -1, -1], [1, 1, 1, 1, 0, 1, 0, 1, 1, 1, 1, 1, 1, 1], [0, 1, 1, 1, 1, 1, 0, 1, 1, 1, 1, 1, 1, 1], [0, -1, -1, -1, -1, -1, 0, -1, -1, -1, -1, -1, -1, -1], [0, 1, 1, 1, 1, 1, 0, 1, 1, 1, 1, 1, 1, 1], [1, 1, 0, 1, 1, 1, 1, 1, 1, 1, 1, 1, 1, 1], [1, 1, 0, 1, 1, 1, 1, 1, 1, 1, 1, 1, 1, 1], [1, 1, 0, 1, 1, 1, 1, 1, 1, 1, 1, 1, 1, 1], [1, 1, 1, 1, 1, 1, 0, 1, 1, 1, 1, 1, 1, 1], [1, 1, 1, 1, 1, 1, 0, 1, 1, 1, 1, 1, 1, 1], [1, 1, 1, 1, 1, 1, 0, 1, 1, 1, 1, 1, 1, 1], [1, 1, 1, 1, 1, 1, 0, 1, 1, 1, 1, 1, 1, 1]]

Data matrix info:
total number of value zero is 291
total number of value one is 314
total number of value negative one is 683
Recommendation made by analysts:
AllCap 53
Big_250 60
Very_High_Liquidity 60
Big_2000 73
Cap_1B+ 85
Big_1500 88
High_Liquidity 94
Big_750 114
Big_1000 114
Cap_5B+ 129
Big_500 148
SP500 169
S6-Energy 234
SIC-1311-OGOps 317

PXD analyst id in data matrix row:
{'AllCap': 0, 'Big_250': 1, 'Very_High_Liquidity': 2, 'Big_2000': 3, 'Cap_1B+': 4, 'Big_1500': 5, 'High_Liquidity': 6, 'Big_750': 7, 'Big_1000': 8, 'Cap_5B+': 9, 'Big_500': 10, 'SP500': 11, 'S6-Energy': 12, 'SIC-1311-OGOps': 13}

Recommendation made on important dates:
2012-02-10 8
2012-03-26 8
2012-07-31 8
2013-05-02 8
2013-05-30 8
2013-06-20 8
2013-06-21 8
2013-06-24 8
2013-06-25 8
2013-08-01 8
2013-09-13 8
2013-11-18 8
2013-12-26 8
2012-06-25 9
2012-08-30 9
2012-10-23 9
2012-10-24 9
2013-02-14 9
2013-05-03 9
2013-06-04 9
2013-06-19 9
2013-08-29 9
2013-12-20 9
2012-05-08 10
2012-05-14 10
2012-06-20 10
2012-06-27 10
2012-07-05 10
2012-08-01 10
2012-11-05 10
2013-08-06 10
2013-10-28 10
2013-11-06 10
2012-06-29 11
2012-07-09 11
2012-08-28 11
2012-09-05 11
2012-11-07 11
2013-01-02 11
2013-09-18 11
2013-09-19 11
2013-10-31 11
2013-11-01 11
2013-11-25 11
2013-12-27 11
2012-01-17 12
2012-03-06 12
2012-03-07 12
2012-03-08 12
2012-03-09 12
2012-03-22 12
2012-03-23 12
2012-03-30 12
2012-04-17 12
2012-04-18 12
2012-04-23 12
2012-04-24 12
2012-05-10 12
2012-05-11 12
2012-05-15 12
2012-05-16 12
2012-05-17 12
2012-05-18 12
2012-06-01 12
2012-06-04 12
2012-06-06 12
2012-06-08 12
2012-06-11 12
2012-06-12 12
2012-06-14 12
2012-06-28 12
2012-07-02 12
2012-07-03 12
2012-07-06 12
2012-07-11 12
2012-07-12 12
2012-12-14 12
2012-12-26 12
2012-12-27 12
2013-04-18 12
2013-10-21 12
2013-10-29 12
2013-11-26 12
2013-12-19 12
2013-12-30 12
2013-09-20 13
2013-09-23 13
2013-09-24 13
2013-12-06 13
2013-12-12 13
2013-12-13 13
2013-12-16 13

IF result for trustworthiness:
[1.550984428849584e-11, 5.962049798011614e-20, 9.088164162049914e-21, 8.398091936954363e-08, 0.00465757855303804, 0.014610406040940804, 1.2889261586170418e-10, 0.12587721555965004, 0.13827749620425525, 0.24470574811082663, 0.21353366665657658, 0.24470574811082663, 0.010558025246943476, 0.0030740313916207958]