GOOG total recommendation: 1738

GOOG training data matrix:
[[0, 0, 0, 0, -1, 0, -1, -1, -1, -1, -1], [0, 0, 0, 1, 1, 1, 1, 1, 1, 1, 1], [1, 0, 0, 1, 0, 1, 1, 1, 0, 1, 1], [0, 1, 1, 0, 1, 0, 1, 1, 1, 1, 1], [0, 0, -1, -1, -1, -1, -1, 0, -1, -1, -1], [0, 0, 0, 0, -1, 0, -1, -1, -1, -1, -1], [0, 0, 0, 0, -1, 0, -1, -1, -1, -1, -1], [0, 1, 1, 0, 1, 0, 1, 1, 1, 1, 1], [0, 0, 1, 0, 1, 1, 1, 1, 1, 1, 1], [0, 0, 0, 0, -1, -1, -1, -1, -1, -1, -1], [0, 0, 0, 0, -1, -1, -1, -1, -1, -1, -1], [0, 0, -1, -1, -1, -1, -1, -1, -1, -1, -1], [0, 0, -1, -1, -1, -1, -1, -1, -1, -1, -1], [0, 0, 1, 1, 1, 1, 1, 1, 1, 1, 1], [0, 1, 1, 0, 1, 1, 1, 1, 1, 1, 1], [0, -1, -1, -1, -1, -1, -1, 0, -1, -1, -1], [0, 0, 0, 0, -1, -1, -1, -1, -1, -1, -1], [0, -1, -1, -1, -1, -1, -1, -1, 0, -1, -1], [0, 1, 1, 0, 1, 0, 1, 1, 1, 1, 1], [0, 1, 1, 0, 1, 1, 1, 1, 1, 1, 1], [0, 1, 1, 0, 1, 1, 1, 1, 1, 1, 1], [0, 1, 1, 0, 1, 1, 1, 1, 1, 1, 1], [0, 1, 1, 1, 1, 1, 1, 1, 1, 1, 1], [1, 0, 0, 1, 1, 1, 1, 1, 1, 1, 1], [0, -1, -1, -1, -1, -1, -1, -1, -1, -1, -1], [0, 1, 1, 1, 1, 1, 1, 1, 1, 1, 1], [1, 1, 1, 1, 1, 1, 1, 0, 0, 1, 1], [1, 0, 1, 1, 1, 1, 1, 1, 1, 1, 1], [1, 0, 1, 1, 1, 1, 1, 1, 1, 1, 1], [1, 0, 1, 1, 1, 1, 1, 1, 1, 1, 1], [1, 0, 1, 1, 1, 1, 1, 1, 1, 1, 1], [0, 1, 1, 1, 1, 1, 1, 1, 1, 1, 1], [1, 1, 1, 1, 1, 1, 1, 1, 1, 1, 1], [-1, -1, -1, -1, -1, -1, -1, 0, -1, -1, -1], [0, 0, -1, -1, -1, -1, -1, -1, -1, -1, -1], [-1, -1, -1, -1, -1, -1, -1, -1, -1, -1, -1], [-1, -1, -1, -1, -1, -1, -1, -1, -1, -1, -1], [-1, -1, -1, -1, -1, -1, -1, -1, -1, -1, -1], [-1, -1, -1, -1, -1, -1, -1, -1, -1, -1, -1], [1, 1, 1, 1, 1, 1, 1, 1, 1, 1, 1], [0, -1, -1, -1, -1, -1, -1, -1, -1, -1, -1], [0, -1, -1, -1, -1, -1, -1, -1, -1, -1, -1], [-1, -1, -1, -1, -1, -1, -1, -1, -1, -1, -1], [1, 1, 1, 1, 1, 1, 1, 1, 1, 1, 1], [1, 1, 1, 1, 1, 1, 1, 1, 1, 1, 1], [1, 1, 1, 1, 1, 1, 1, 1, 1, 1, 1], [0, -1, -1, -1, -1, -1, -1, -1, -1, -1, -1], [-1, -1, -1, -1, -1, -1, -1, -1, -1, -1, -1], [-1, -1, -1, -1, -1, -1, -1, -1, -1, -1, -1], [-1, -1, -1, -1, -1, -1, -1, -1, -1, -1, -1], [-1, -1, -1, -1, -1, -1, -1, -1, -1, -1, -1], [-1, -1, -1, -1, -1, -1, -1, -1, -1, -1, -1], [-1, -1, -1, -1, -1, -1, -1, -1, -1, -1, -1], [-1, -1, -1, -1, -1, -1, -1, -1, -1, -1, -1], [0, 1, 1, 1, 1, 1, 1, 1, 1, 1, 1], [1, 1, 1, 1, 1, 1, 1, 1, 1, 1, 1], [1, 1, 1, 1, 1, 1, 1, 1, 1, 1, 1], [1, 1, 1, 1, 1, 1, 1, 1, 1, 1, 1], [1, 1, 1, 1, 1, 1, 1, 1, 1, 1, 1], [1, 1, 1, 1, 1, 1, 1, 1, 1, 1, 1], [-1, -1, -1, -1, -1, -1, -1, -1, -1, -1, -1], [1, 1, 1, 1, 1, 1, 1, 1, 1, 1, 1], [1, 1, 1, 1, 1, 1, 1, 1, 1, 1, 1], [-1, -1, -1, -1, -1, -1, -1, -1, -1, -1, -1], [1, 1, 1, 1, 1, 1, 1, 1, 1, 1, 1], [-1, -1, -1, -1, -1, -1, -1, -1, -1, -1, -1], [-1, -1, -1, -1, -1, -1, -1, -1, -1, -1, -1], [-1, -1, -1, -1, -1, -1, -1, -1, -1, -1, -1], [-1, -1, -1, -1, -1, -1, -1, -1, -1, -1, -1], [-1, -1, -1, -1, -1, -1, -1, -1, -1, -1, -1], [-1, -1, -1, -1, -1, -1, -1, -1, -1, -1, -1], [-1, -1, -1, -1, -1, -1, -1, -1, -1, -1, -1], [-1, -1, -1, -1, -1, -1, -1, -1, -1, -1, -1], [-1, -1, -1, -1, -1, -1, -1, -1, -1, -1, -1], [-1, -1, -1, -1, -1, -1, -1, -1, -1, -1, -1], [1, 1, 1, 1, 1, 1, 1, 1, 1, 1, 1], [1, 1, 1, 1, 1, 1, 1, 1, 1, 1, 1], [-1, -1, -1, -1, -1, -1, -1, -1, -1, -1, -1], [-1, -1, -1, -1, -1, -1, -1, -1, -1, -1, -1]]


Data matrix info:
total number of elements is 869
total number of value zero is 86
total number of value one is 355
total number of value negative one is 428
Recommendation made by analysts:
Big_1500 51
Big_1000 62
Cap_5B+ 75
Big_750 78
SP500 106
Big_500 113
Big_250 171
S10-Tech 189
SICs-AllTech 195
Very_High_Liquidity 274
Big_100 307


GOOG analyst id in data matrix row:
{'Big_1500': 0, 'Big_1000': 1, 'Cap_5B+': 2, 'Big_750': 3, 'SP500': 4, 'Big_500': 5, 'Big_250': 6, 'S10-Tech': 7, 'SICs-AllTech': 8, 'Very_High_Liquidity': 9, 'Big_100': 10}

Recommendation made on important dates:
2012-04-05 8
2012-09-07 8
2012-09-13 8
2012-11-16 8
2013-01-08 8
2013-03-22 8
2013-07-23 8
2013-10-16 8
2013-11-29 8
2012-04-03 9
2012-04-09 9
2012-07-20 9
2012-07-23 9
2012-07-30 9
2012-08-17 9
2013-01-28 9
2013-03-21 9
2013-08-21 9
2013-10-24 9
2013-10-28 9
2013-11-13 9
2013-11-27 9
2012-09-05 10
2012-10-04 10
2013-08-16 10
2013-11-14 10
2013-12-23 10
2012-08-07 11
2012-08-08 11
2012-09-10 11
2012-09-14 11
2012-11-19 11
2012-11-26 11
2012-12-26 11
2013-01-14 11
2013-05-31 11
2013-06-03 11
2013-06-04 11
2013-08-23 11
2013-11-15 11
2012-03-14 12
2012-04-11 12
2012-07-19 12
2012-08-22 12
2012-09-06 12
2012-10-03 12
2012-11-02 12
2012-12-27 12
2013-02-11 12
2013-02-13 12
2013-02-14 12
2013-02-19 12
2013-02-21 12
2013-02-22 12
2013-10-25 12
2013-11-18 12
2013-11-19 12
2013-12-02 12
2013-12-10 12
2013-12-26 12
2012-05-31 13
2012-08-21 13
2012-09-17 13
2013-01-24 13
2013-12-20 13
2012-04-04 14
2012-04-10 14
2012-04-12 14
2012-04-13 14
2012-04-16 14
2012-04-17 14
2012-04-18 14
2012-04-26 14
2012-05-29 14
2012-05-30 14
2012-10-01 14
2012-10-02 14
2013-01-23 14
2013-01-25 14


IF result for trustworthiness:
[5.740881159977338e-23, 2.3618121960924755e-13, 4.454167735062508e-05, 4.330216093183775e-09, 0.1596685400368687, 0.0009105937090056042, 0.27657552712408257, 0.0006290545659112144, 0.009020684308163794, 0.27657552712408257, 0.27657552712408257]
