PCP total recommendation: 1874

PCP training data matrix:
[[0, 0, -1, -1, -1, -1, -1, -1, -1, 0, -1, 0], [0, 0, -1, -1, -1, -1, -1, -1, -1, 0, -1, 0], [0, 0, 0, 0, -1, -1, -1, -1, -1, -1, -1, -1], [0, 0, 0, 0, -1, -1, -1, -1, -1, -1, -1, -1], [0, 0, 0, 0, -1, -1, -1, -1, -1, -1, -1, -1], [0, -1, 0, 0, 0, -1, -1, -1, -1, -1, -1, -1], [0, 0, 0, 0, -1, -1, -1, -1, -1, -1, -1, -1], [0, 0, -1, -1, -1, -1, -1, -1, -1, 0, -1, 0], [0, 0, 0, -1, -1, -1, -1, -1, -1, -1, -1, 0], [0, 0, -1, -1, -1, -1, -1, -1, -1, 0, -1, 0], [0, 0, 0, -1, -1, -1, -1, -1, -1, 0, -1, -1], [0, 0, 0, 0, -1, -1, -1, -1, -1, -1, -1, -1], [0, 0, 0, 0, -1, -1, -1, -1, -1, -1, -1, -1], [0, 0, 0, 0, -1, -1, -1, -1, -1, -1, -1, -1], [0, 0, 0, 0, -1, -1, -1, -1, -1, -1, -1, -1], [0, 0, 0, 0, 1, 1, 1, 1, 1, 1, 1, 1], [0, 0, 0, 0, 1, 1, 1, 1, 1, 1, 1, 1], [0, 0, 1, 1, 0, 1, 0, 1, 1, 1, 1, 1], [0, -1, 0, 0, -1, -1, -1, -1, -1, -1, -1, -1], [0, 0, -1, -1, -1, -1, -1, -1, -1, 0, -1, -1], [0, 0, -1, -1, -1, -1, -1, -1, -1, 0, -1, -1], [0, 0, -1, -1, -1, -1, -1, -1, -1, 0, -1, -1], [0, 0, 0, -1, -1, -1, -1, -1, -1, -1, -1, -1], [0, 0, -1, -1, -1, -1, -1, -1, -1, -1, -1, 0], [1, 1, 0, 0, 1, 0, 1, 1, 1, 1, 1, 1], [0, 0, 0, 1, 1, 1, 1, 1, 1, 1, 1, 1], [0, 1, 0, 0, 1, 1, 1, 1, 1, 1, 1, 1], [0, 0, 1, 1, 0, 1, 1, 1, 1, 1, 1, 1], [0, 0, 1, 1, 1, 1, 1, 1, 1, 1, 1, 1], [0, 0, -1, -1, -1, -1, -1, -1, -1, -1, -1, -1], [0, 0, -1, -1, -1, -1, -1, -1, -1, -1, -1, -1], [0, 0, -1, -1, -1, -1, -1, -1, -1, -1, -1, -1], [0, 0, -1, -1, -1, -1, -1, -1, -1, -1, -1, -1], [0, 0, -1, -1, -1, -1, -1, -1, -1, -1, -1, -1], [0, 0, -1, -1, -1, -1, -1, -1, -1, -1, -1, -1], [0, 0, -1, -1, -1, -1, -1, -1, -1, -1, -1, -1], [0, 0, -1, -1, -1, -1, -1, -1, -1, -1, -1, -1], [0, -1, 0, -1, -1, -1, -1, -1, -1, -1, -1, -1], [0, 0, -1, -1, -1, -1, -1, -1, -1, -1, -1, -1], [0, 0, -1, -1, -1, -1, -1, -1, -1, -1, -1, -1], [0, 0, -1, -1, -1, -1, -1, -1, -1, -1, -1, -1], [0, 0, -1, -1, -1, -1, -1, -1, -1, -1, -1, -1], [0, 0, -1, -1, -1, -1, -1, -1, -1, -1, -1, -1], [0, 0, -1, -1, -1, -1, -1, -1, -1, -1, -1, -1], [0, 0, -1, -1, -1, -1, -1, -1, -1, -1, -1, -1], [0, 0, -1, -1, -1, -1, -1, -1, -1, -1, -1, -1], [0, 0, -1, -1, -1, -1, -1, -1, -1, -1, -1, -1], [0, 0, 1, 1, 1, 1, 1, 1, 1, 1, 1, 1], [0, 0, 1, 1, 1, 1, 1, 1, 1, 1, 1, 1], [0, 0, 1, 1, 1, 1, 1, 1, 1, 1, 1, 1], [0, 0, 1, 1, 1, 1, 1, 1, 1, 1, 1, 1], [0, -1, -1, -1, -1, -1, -1, -1, -1, -1, -1, -1], [0, -1, -1, -1, -1, -1, -1, -1, -1, -1, -1, -1], [0, -1, -1, -1, -1, -1, -1, -1, -1, -1, -1, -1], [-1, -1, -1, -1, -1, -1, -1, -1, -1, -1, -1, 0], [0, -1, -1, -1, -1, -1, -1, -1, -1, -1, -1, -1], [0, -1, -1, -1, -1, -1, -1, -1, -1, -1, -1, -1], [-1, -1, 0, -1, -1, -1, -1, -1, -1, -1, -1, -1], [0, -1, -1, -1, -1, -1, -1, -1, -1, -1, -1, -1], [0, -1, -1, -1, -1, -1, -1, -1, -1, -1, -1, -1], [0, -1, -1, -1, -1, -1, -1, -1, -1, -1, -1, -1], [0, -1, -1, -1, -1, -1, -1, -1, -1, -1, -1, -1], [0, 1, 1, 1, 1, 1, 1, 1, 1, 1, 1, 1], [1, 1, 0, 1, 1, 1, 1, 1, 1, 1, 1, 1], [1, 1, 0, 1, 1, 1, 1, 1, 1, 1, 1, 1], [0, 1, 1, 1, 1, 1, 1, 1, 1, 1, 1, 1], [-1, -1, -1, -1, -1, -1, -1, -1, -1, -1, -1, -1], [-1, -1, -1, -1, -1, -1, -1, -1, -1, -1, -1, -1], [-1, -1, -1, -1, -1, -1, -1, -1, -1, -1, -1, -1], [-1, -1, -1, -1, -1, -1, -1, -1, -1, -1, -1, -1], [-1, -1, -1, -1, -1, -1, -1, -1, -1, -1, -1, -1], [-1, -1, -1, -1, -1, -1, -1, -1, -1, -1, -1, -1], [-1, -1, -1, -1, -1, -1, -1, -1, -1, -1, -1, -1], [-1, -1, -1, -1, -1, -1, -1, -1, -1, -1, -1, -1], [-1, -1, -1, -1, -1, -1, -1, -1, -1, -1, -1, -1], [-1, -1, -1, -1, -1, -1, -1, -1, -1, -1, -1, -1], [-1, -1, -1, -1, -1, -1, -1, -1, -1, -1, -1, -1], [-1, -1, -1, -1, -1, -1, -1, -1, -1, -1, -1, -1], [-1, -1, -1, -1, -1, -1, -1, -1, -1, -1, -1, -1], [-1, -1, -1, -1, -1, -1, -1, -1, -1, -1, -1, -1], [-1, -1, -1, -1, -1, -1, -1, -1, -1, -1, -1, -1], [-1, -1, -1, -1, -1, -1, -1, -1, -1, -1, -1, -1], [-1, -1, -1, -1, -1, -1, -1, -1, -1, -1, -1, -1], [-1, -1, -1, -1, -1, -1, -1, -1, -1, -1, -1, -1], [-1, -1, -1, -1, -1, -1, -1, -1, -1, -1, -1, -1], [-1, -1, -1, -1, -1, -1, -1, -1, -1, -1, -1, -1], [-1, -1, -1, -1, -1, -1, -1, -1, -1, -1, -1, -1], [-1, -1, -1, -1, -1, -1, -1, -1, -1, -1, -1, -1], [-1, -1, -1, -1, -1, -1, -1, -1, -1, -1, -1, -1], [-1, -1, -1, -1, -1, -1, -1, -1, -1, -1, -1, -1], [-1, -1, -1, -1, -1, -1, -1, -1, -1, -1, -1, -1], [-1, -1, -1, -1, -1, -1, -1, -1, -1, -1, -1, -1], [-1, -1, -1, -1, -1, -1, -1, -1, -1, -1, -1, -1], [-1, -1, -1, -1, -1, -1, -1, -1, -1, -1, -1, -1], [-1, -1, -1, -1, -1, -1, -1, -1, -1, -1, -1, -1], [-1, -1, -1, -1, -1, -1, -1, -1, -1, -1, -1, -1], [-1, -1, -1, -1, -1, -1, -1, -1, -1, -1, -1, -1], [-1, -1, -1, -1, -1, -1, -1, -1, -1, -1, -1, -1], [-1, -1, -1, -1, -1, -1, -1, -1, -1, -1, -1, -1], [-1, -1, -1, -1, -1, -1, -1, -1, -1, -1, -1, -1], [-1, -1, -1, -1, -1, -1, -1, -1, -1, -1, -1, -1], [-1, -1, -1, -1, -1, -1, -1, -1, -1, -1, -1, -1], [-1, -1, -1, -1, -1, -1, -1, -1, -1, -1, -1, -1], [-1, -1, -1, -1, -1, -1, -1, -1, -1, -1, -1, -1], [-1, -1, -1, -1, -1, -1, -1, -1, -1, -1, -1, -1], [-1, -1, -1, -1, -1, -1, -1, -1, -1, -1, -1, -1], [-1, -1, -1, -1, -1, -1, -1, -1, -1, -1, -1, -1], [-1, -1, -1, -1, -1, -1, -1, -1, -1, -1, -1, -1], [-1, -1, -1, -1, -1, -1, -1, -1, -1, -1, -1, -1], [-1, -1, -1, -1, -1, -1, -1, -1, -1, -1, -1, -1], [-1, -1, -1, -1, -1, -1, -1, -1, -1, -1, -1, -1], [-1, -1, -1, -1, -1, -1, -1, -1, -1, -1, -1, -1], [-1, -1, -1, -1, -1, -1, -1, -1, -1, -1, -1, -1], [1, 1, 1, 1, 1, 1, 1, 1, 1, 1, 1, 1], [1, 1, 1, 1, 1, 1, 1, 1, 1, 1, 1, 1], [1, 1, 1, 1, 1, 1, 1, 1, 1, 1, 1, 1], [1, 1, 1, 1, 1, 1, 1, 1, 1, 1, 1, 1], [1, 1, 1, 1, 1, 1, 1, 1, 1, 1, 1, 1], [1, 1, 1, 1, 1, 1, 1, 1, 1, 1, 1, 1], [1, 1, 1, 1, 1, 1, 1, 1, 1, 1, 1, 1], [1, 1, 1, 1, 1, 1, 1, 1, 1, 1, 1, 1], [1, 1, 1, 1, 1, 1, 1, 1, 1, 1, 1, 1]]

Data matrix info:
total number of elements is 1464
total number of value zero is 163
total number of value one is 262
total number of value negative one is 1039
Recommendation made by analysts:
AllCap 66
Big_2000 87
Cap_1B+ 104
Big_1500 112
Big_1000 132
Big_750 150
Cap_5B+ 150
Big_500 177
SP500 188
High_Liquidity 188
Big_250 253
S1-BasicInd 267

PCP analyst id in data matrix row:
{'AllCap': 0, 'Big_2000': 1, 'Cap_1B+': 2, 'Big_1500': 3, 'Big_1000': 4, 'Big_750': 5, 'Cap_5B+': 6, 'Big_500': 7, 'SP500': 8, 'High_Liquidity': 9, 'Big_250': 10, 'S1-BasicInd': 11}

Recommendation made on important dates:
2012-05-31 8
2012-06-04 8
2012-08-02 8
2012-08-06 8
2012-09-04 8
2012-10-02 8
2012-10-12 8
2012-10-22 8
2012-11-01 8
2012-11-19 8
2012-12-04 8
2012-12-07 8
2012-12-18 8
2012-12-26 8
2013-05-14 8
2013-09-10 8
2013-10-07 8
2013-10-18 8
2012-03-23 9
2012-05-16 9
2012-05-25 9
2012-06-25 9
2012-10-11 9
2013-04-29 9
2013-08-27 9
2013-11-21 9
2013-12-03 9
2013-12-11 9
2012-01-17 10
2012-05-08 10
2012-05-15 10
2012-06-21 10
2012-06-27 10
2012-07-17 10
2012-08-07 10
2012-09-26 10
2012-11-02 10
2012-11-09 10
2012-11-16 10
2012-11-26 10
2012-11-27 10
2012-11-28 10
2012-12-11 10
2012-12-13 10
2012-12-17 10
2012-12-21 10
2012-12-28 10
2013-10-21 10
2013-12-04 10
2013-12-05 10
2013-12-10 10
2012-02-13 11
2012-03-28 11
2012-04-18 11
2012-05-17 11
2012-05-21 11
2012-05-29 11
2012-08-14 11
2012-08-23 11
2012-11-29 11
2012-12-20 11
2013-01-14 11
2013-10-17 11
2013-11-04 11
2013-11-07 11
2013-12-30 11
2012-02-10 12
2012-02-27 12
2012-04-13 12
2012-04-16 12
2012-04-17 12
2012-04-19 12
2012-05-01 12
2012-05-18 12
2012-06-12 12
2012-06-14 12
2012-06-15 12
2012-06-18 12
2012-07-10 12
2012-08-10 12
2012-08-13 12
2012-08-20 12
2012-08-24 12
2012-08-27 12
2012-08-28 12
2012-08-29 12
2012-08-31 12
2012-09-14 12
2012-09-21 12
2012-09-24 12
2012-09-25 12
2012-09-27 12
2012-09-28 12
2012-10-01 12
2012-10-03 12
2012-10-15 12
2012-11-07 12
2012-11-08 12
2012-11-12 12
2012-11-13 12
2012-11-14 12
2012-11-15 12
2012-12-03 12
2012-12-14 12
2012-12-19 12
2012-12-27 12
2013-01-07 12
2013-01-10 12
2013-01-11 12
2013-02-05 12
2013-02-06 12
2013-05-01 12
2013-06-19 12
2013-09-20 12
2013-11-01 12
2013-11-05 12
2013-11-20 12
2013-11-22 12
2013-11-27 12
2013-11-29 12
2013-12-06 12
2013-12-09 12

IF result for trustworthiness:
[2.347148588493837e-46, 1.1083863424424838e-33, 1.3851813491624163e-14, 8.53063409419426e-09, 0.01027918488951308, 0.10121639055516973, 0.1043722974012764, 0.2613574369352094, 0.2613574369352094, 1.3031906447192738e-05, 0.2613574369352094, 4.677591131738824e-05]
