AMZN total recommendation: 1895

AMZN training data matrix:
[[0, 0, 0, 0, -1, -1, -1, 0, -1, -1, -1, -1, -1], [0, 0, 0, 0, -1, -1, -1, 0, -1, -1, -1, -1, -1], [0, 0, 0, 0, -1, -1, -1, 0, -1, -1, -1, -1, -1], [0, 0, -1, 0, 0, 0, -1, -1, -1, -1, -1, -1, -1], [0, 0, 1, 0, 1, 0, 1, 1, 0, 1, 1, 1, 1], [0, 0, 0, 0, 1, 0, 1, 1, 1, 1, 1, 1, 1], [0, 0, 1, 0, 1, 0, 1, 1, 1, 1, 1, 1, 1], [0, 0, 0, -1, -1, -1, -1, 0, -1, -1, -1, -1, -1], [0, 0, 0, 0, 1, 1, 1, 1, 1, 1, 1, 1, 1], [0, 0, 0, 0, 1, 1, 1, 1, 1, 1, 1, 1, 1], [0, 0, 0, 0, -1, -1, -1, -1, -1, -1, -1, -1, -1], [0, 0, 0, -1, -1, -1, -1, 0, -1, -1, -1, -1, -1], [0, 0, 0, 0, 1, 1, 1, 1, 1, 1, 1, 1, 1], [0, 0, 0, -1, -1, -1, -1, 0, -1, -1, -1, -1, -1], [0, 0, 0, 1, 1, 1, 1, 0, 1, 1, 1, 1, 1], [1, 0, 1, 0, 1, 0, 1, 1, 0, 1, 1, 1, 1], [1, 0, 1, 0, 1, 0, 1, 1, 0, 1, 1, 1, 1], [0, 0, -1, 0, -1, -1, -1, -1, -1, -1, -1, -1, -1], [0, 0, -1, 0, -1, -1, -1, -1, -1, -1, -1, -1, -1], [0, 1, 0, 1, 0, 1, 1, 1, 1, 1, 1, 1, 1], [0, 1, 0, 1, 0, 1, 1, 1, 1, 1, 1, 1, 1], [0, 0, 1, 0, 1, 1, 1, 1, 1, 1, 1, 1, 1], [0, 0, 1, 0, 1, 1, 1, 1, 1, 1, 1, 1, 1], [0, -1, 0, -1, -1, -1, -1, 0, -1, -1, -1, -1, -1], [0, -1, 0, -1, -1, -1, -1, 0, -1, -1, -1, -1, -1], [0, -1, 0, -1, -1, -1, -1, 0, -1, -1, -1, -1, -1], [-1, 0, -1, 0, 0, -1, -1, -1, -1, -1, -1, -1, -1], [0, -1, 0, -1, -1, -1, -1, 0, -1, -1, -1, -1, -1], [0, -1, 0, -1, -1, -1, -1, 0, -1, -1, -1, -1, -1], [0, -1, 0, -1, -1, -1, -1, 0, -1, -1, -1, -1, -1], [0, -1, 0, -1, -1, -1, -1, -1, -1, -1, -1, -1, -1], [0, -1, 0, -1, -1, -1, -1, -1, -1, -1, -1, -1, -1], [0, -1, 0, -1, -1, -1, -1, -1, -1, -1, -1, -1, -1], [0, -1, 0, -1, -1, -1, -1, -1, -1, -1, -1, -1, -1], [0, -1, 0, -1, -1, -1, -1, -1, -1, -1, -1, -1, -1], [0, -1, 0, -1, -1, -1, -1, -1, -1, -1, -1, -1, -1], [1, 0, 1, 0, 1, 1, 1, 1, 1, 1, 1, 1, 1], [0, -1, 0, -1, -1, -1, -1, -1, -1, -1, -1, -1, -1], [0, -1, 0, -1, -1, -1, -1, -1, -1, -1, -1, -1, -1], [0, -1, 0, -1, -1, -1, -1, -1, -1, -1, -1, -1, -1], [0, -1, 0, -1, -1, -1, -1, -1, -1, -1, -1, -1, -1], [0, -1, -1, -1, -1, -1, -1, -1, -1, -1, -1, -1, -1], [0, -1, -1, -1, -1, -1, -1, -1, -1, -1, -1, -1, -1], [0, 1, 1, 1, 1, 1, 1, 1, 1, 1, 1, 1, 1], [0, -1, -1, -1, -1, -1, -1, -1, -1, -1, -1, -1, -1], [0, 1, 1, 1, 1, 1, 1, 1, 1, 1, 1, 1, 1], [0, 1, 1, 1, 1, 1, 1, 1, 1, 1, 1, 1, 1], [0, 1, 1, 1, 1, 1, 1, 1, 1, 1, 1, 1, 1], [0, 1, 1, 1, 1, 1, 1, 1, 1, 1, 1, 1, 1], [0, -1, -1, -1, -1, -1, -1, -1, -1, -1, -1, -1, -1], [0, -1, -1, -1, -1, -1, -1, -1, -1, -1, -1, -1, -1], [-1, 0, -1, -1, -1, -1, -1, -1, -1, -1, -1, -1, -1], [0, 1, 1, 1, 1, 1, 1, 1, 1, 1, 1, 1, 1], [-1, -1, -1, -1, -1, -1, -1, -1, -1, -1, -1, -1, -1], [-1, -1, -1, -1, -1, -1, -1, -1, -1, -1, -1, -1, -1], [-1, -1, -1, -1, -1, -1, -1, -1, -1, -1, -1, -1, -1], [-1, -1, -1, -1, -1, -1, -1, -1, -1, -1, -1, -1, -1], [-1, -1, -1, -1, -1, -1, -1, -1, -1, -1, -1, -1, -1], [-1, -1, -1, -1, -1, -1, -1, -1, -1, -1, -1, -1, -1], [-1, -1, -1, -1, -1, -1, -1, -1, -1, -1, -1, -1, -1], [-1, -1, -1, -1, -1, -1, -1, -1, -1, -1, -1, -1, -1], [-1, -1, -1, -1, -1, -1, -1, -1, -1, -1, -1, -1, -1], [-1, -1, -1, -1, -1, -1, -1, -1, -1, -1, -1, -1, -1], [-1, -1, -1, -1, -1, -1, -1, -1, -1, -1, -1, -1, -1], [-1, -1, -1, -1, -1, -1, -1, -1, -1, -1, -1, -1, -1], [-1, -1, -1, -1, -1, -1, -1, -1, -1, -1, -1, -1, -1], [-1, -1, -1, -1, -1, -1, -1, -1, -1, -1, -1, -1, -1], [-1, -1, -1, -1, -1, -1, -1, -1, -1, -1, -1, -1, -1], [-1, -1, -1, -1, -1, -1, -1, -1, -1, -1, -1, -1, -1], [-1, -1, -1, -1, -1, -1, -1, -1, -1, -1, -1, -1, -1], [-1, -1, -1, -1, -1, -1, -1, -1, -1, -1, -1, -1, -1], [-1, -1, -1, -1, -1, -1, -1, -1, -1, -1, -1, -1, -1], [-1, -1, -1, -1, -1, -1, -1, -1, -1, -1, -1, -1, -1], [-1, -1, -1, -1, -1, -1, -1, -1, -1, -1, -1, -1, -1], [-1, -1, -1, -1, -1, -1, -1, -1, -1, -1, -1, -1, -1], [1, 1, 1, 1, 1, 1, 1, 1, 1, 1, 1, 1, 1], [-1, -1, -1, -1, -1, -1, -1, -1, -1, -1, -1, -1, -1], [1, 1, 1, 1, 1, 1, 1, 1, 1, 1, 1, 1, 1], [1, 1, 1, 1, 1, 1, 1, 1, 1, 1, 1, 1, 1], [1, 1, 1, 1, 1, 1, 1, 1, 1, 1, 1, 1, 1], [1, 1, 1, 1, 1, 1, 1, 1, 1, 1, 1, 1, 1], [1, 1, 1, 1, 1, 1, 1, 1, 1, 1, 1, 1, 1], [-1, -1, -1, -1, -1, -1, -1, -1, -1, -1, -1, -1, -1], [-1, -1, -1, -1, -1, -1, -1, -1, -1, -1, -1, -1, -1], [-1, -1, -1, -1, -1, -1, -1, -1, -1, -1, -1, -1, -1], [-1, -1, -1, -1, -1, -1, -1, -1, -1, -1, -1, -1, -1], [-1, -1, -1, -1, -1, -1, -1, -1, -1, -1, -1, -1, -1], [-1, -1, -1, -1, -1, -1, -1, -1, -1, -1, -1, -1, -1], [-1, -1, -1, -1, -1, -1, -1, -1, -1, -1, -1, -1, -1], [-1, -1, -1, -1, -1, -1, -1, -1, -1, -1, -1, -1, -1], [-1, -1, -1, -1, -1, -1, -1, -1, -1, -1, -1, -1, -1], [-1, -1, -1, -1, -1, -1, -1, -1, -1, -1, -1, -1, -1], [-1, -1, -1, -1, -1, -1, -1, -1, -1, -1, -1, -1, -1], [-1, -1, -1, -1, -1, -1, -1, -1, -1, -1, -1, -1, -1], [-1, -1, -1, -1, -1, -1, -1, -1, -1, -1, -1, -1, -1], [-1, -1, -1, -1, -1, -1, -1, -1, -1, -1, -1, -1, -1], [-1, -1, -1, -1, -1, -1, -1, -1, -1, -1, -1, -1, -1], [1, 1, 1, 1, 1, 1, 1, 1, 1, 1, 1, 1, 1], [1, 1, 1, 1, 1, 1, 1, 1, 1, 1, 1, 1, 1], [1, 1, 1, 1, 1, 1, 1, 1, 1, 1, 1, 1, 1], [1, 1, 1, 1, 1, 1, 1, 1, 1, 1, 1, 1, 1]]


Data matrix info:
total number of elements is 1313
total number of value zero is 147
total number of value one is 332
total number of value negative one is 834
Recommendation made by analysts:
AllCap 60
Cap_1B+ 79
Big_2000 81
Big_1500 86
Big_1000 109
Big_750 111
Cap_5B+ 125
S9-Services 133
Big_500 142
SP500 149
Big_250 209
Very_High_Liquidity 288
Big_100 323

AMZN analyst id in data matrix row:
{'AllCap': 0, 'Cap_1B+': 1, 'Big_2000': 2, 'Big_1500': 3, 'Big_1000': 4, 'Big_750': 5, 'Cap_5B+': 6, 'S9-Services': 7, 'Big_500': 8, 'SP500': 9, 'Big_250': 10, 'Very_High_Liquidity': 11, 'Big_100': 12}

Recommendation made on important dates:
2012-01-06 8
2012-05-22 8
2012-06-21 8
2012-08-23 8
2013-09-25 8
2013-11-06 8
2012-05-07 9
2012-05-23 9
2012-06-14 9
2012-10-25 9
2012-12-05 9
2013-01-29 9
2013-06-19 9
2013-07-02 9
2013-07-24 9
2013-10-30 9
2013-10-31 9
2012-02-24 10
2012-04-09 10
2012-05-01 10
2012-05-02 10
2012-05-04 10
2012-05-08 10
2012-05-11 10
2012-05-21 10
2012-05-24 10
2012-11-07 10
2013-04-26 10
2013-07-15 10
2013-09-03 10
2012-01-31 11
2012-03-21 11
2012-03-22 11
2012-04-17 11
2012-06-05 11
2012-06-26 11
2012-08-08 11
2012-12-17 11
2013-01-10 11
2013-03-06 11
2013-05-01 11
2012-02-14 12
2012-02-16 12
2012-04-04 12
2012-04-19 12
2012-10-09 12
2012-10-11 12
2012-10-24 12
2012-10-26 12
2012-12-20 12
2012-12-21 12
2013-01-25 12
2013-08-05 12
2012-01-27 13
2012-02-01 13
2012-02-07 13
2012-02-08 13
2012-02-09 13
2012-02-10 13
2012-02-13 13
2012-02-17 13
2012-02-21 13
2012-02-23 13
2012-02-27 13
2012-02-29 13
2012-03-01 13
2012-03-02 13
2012-03-06 13
2012-03-19 13
2012-04-10 13
2012-04-11 13
2012-04-12 13
2012-04-13 13
2012-04-16 13
2012-04-18 13
2012-04-30 13
2012-06-25 13
2012-08-07 13
2012-10-10 13
2012-10-12 13
2012-10-15 13
2012-10-16 13
2012-11-09 13
2012-12-06 13
2012-12-10 13
2012-12-11 13
2012-12-13 13
2012-12-18 13
2013-01-07 13
2013-01-08 13
2013-01-09 13
2013-01-15 13
2013-01-16 13
2013-01-22 13
2013-01-30 13
2013-01-31 13
2013-02-01 13
2013-06-27 13
2013-10-29 13
2013-11-07 13
2013-11-08 13

IF result for trustworthiness:
[1.183358051670749e-40, 1.590867731929376e-16, 1.499675029702007e-24, 7.382555587494799e-13, 0.000821482504180638, 0.0005211303921353735, 0.19696665657124016, 3.210788962271056e-10, 0.013824103925665953, 0.19696665657124016, 0.19696665657124016, 0.19696665657124016, 0.19696665657124016]
