HPQ total recommendation: 1675

HPQ training data matrix:
[[0, -1, 0, 0, 0, 0, -1, -1, -1, -1, -1, 0, -1], [0, 1, 0, 1, 1, 0, 1, 0, 1, 1, 0, 1, 1], [0, 1, 0, 1, 1, 0, 1, 0, 1, 1, 0, 1, 1], [0, 0, 0, 1, 1, 0, 1, 0, 1, 1, 1, 1, 1], [0, 0, 0, 0, 1, 0, 1, 1, 1, 1, 1, 1, 1], [0, 0, 0, 1, 1, 0, 1, 0, 1, 1, 1, 1, 1], [0, 1, 0, 1, 1, 0, 1, 0, 1, 1, 0, 1, 1], [1, 0, 1, 0, 0, 1, 1, 1, 0, 0, 1, 1, 1], [1, 0, 1, 0, 0, 1, 1, 1, 0, 0, 1, 1, 1], [1, 0, 1, 0, 0, 1, 1, 1, 0, 0, 1, 1, 1], [0, 0, 0, 0, -1, -1, -1, -1, -1, -1, -1, -1, -1], [0, 0, 1, 0, 1, 1, 1, 1, 1, 1, 1, 0, 1], [1, 0, 1, 0, 0, 1, 0, 1, 1, 1, 1, 1, 1], [0, 1, 0, 1, 1, 0, 1, 0, 1, 1, 1, 1, 1], [0, 0, 0, 0, 1, 1, 1, 1, 1, 1, 1, 1, 1], [0, 0, 0, 1, 1, 1, 1, 1, 1, 1, 1, 0, 1], [0, 1, 0, 1, 1, 0, 1, 0, 1, 1, 0, 1, 1], [0, 0, 0, 0, 1, 1, 1, 1, 1, 1, 1, 1, 1], [0, 0, 0, 1, 1, 1, 1, 1, 1, 1, 1, 0, 1], [0, 0, 0, 1, 1, 0, 1, 1, 1, 1, 1, 1, 1], [0, 0, 0, 1, 1, 1, 1, 1, 1, 1, 1, 1, 1], [0, -1, 0, 0, -1, -1, -1, -1, -1, -1, -1, 0, -1], [0, -1, 0, 0, -1, -1, -1, -1, -1, -1, -1, 0, -1], [0, 0, 1, 1, 1, 1, 1, 1, 1, 1, 1, 0, 0], [-1, 0, -1, -1, -1, -1, -1, -1, 0, 0, -1, -1, -1], [0, 0, 0, 1, 1, 1, 1, 1, 1, 1, 1, 1, 1], [0, 0, 0, 1, 1, 1, 1, 1, 1, 1, 1, 1, 1], [0, 0, 0, 1, 1, 1, 1, 1, 1, 1, 1, 1, 1], [0, 1, 0, 1, 1, 1, 1, 1, 1, 1, 1, 1, 1], [0, -1, 0, -1, -1, -1, -1, -1, -1, -1, -1, -1, -1], [0, -1, -1, -1, -1, -1, -1, -1, -1, -1, -1, 0, -1], [1, 0, 1, 1, 1, 1, 1, 1, 1, 1, 1, 0, 1], [1, 0, 1, 1, 1, 1, 1, 1, 1, 1, 1, 0, 1], [-1, 0, -1, -1, -1, -1, -1, -1, -1, -1, -1, 0, -1], [1, 0, 1, 1, 1, 1, 1, 1, 1, 1, 1, 0, 1], [0, 1, 0, 1, 1, 1, 1, 1, 1, 1, 1, 0, 0], [1, 0, 1, 1, 1, 1, 1, 1, 1, 1, 1, 0, 1], [0, 1, 0, 1, 1, 1, 1, 1, 1, 1, 1, 0, 1], [0, 1, 0, 1, 1, 0, 1, 1, 1, 1, 1, 1, 1], [0, 0, 1, 1, 1, 1, 1, 1, 1, 1, 1, 1, 1], [0, -1, 0, -1, -1, -1, -1, -1, -1, -1, -1, -1, -1], [0, 1, 1, 1, 1, 1, 1, 1, 1, 1, 1, 1, 1], [1, 0, 1, 1, 1, 1, 1, 1, 1, 1, 1, 1, 1], [1, 0, 1, 1, 1, 1, 1, 1, 1, 1, 1, 1, 1], [0, 1, 1, 1, 1, 1, 1, 1, 1, 1, 1, 1, 1], [1, 0, 1, 1, 1, 1, 1, 1, 1, 1, 1, 1, 1], [1, 0, 1, 1, 1, 1, 1, 1, 1, 1, 1, 1, 1], [1, 0, 1, 1, 1, 1, 1, 1, 1, 1, 1, 1, 1], [0, -1, -1, -1, -1, -1, -1, -1, -1, -1, -1, -1, -1], [-1, -1, -1, -1, -1, -1, -1, -1, -1, -1, -1, 0, -1], [-1, -1, -1, -1, -1, -1, -1, -1, -1, -1, -1, 0, -1], [1, 1, 1, 1, 1, 1, 1, 1, 1, 1, 1, 1, 1], [1, 1, 1, 1, 1, 1, 1, 1, 1, 1, 1, 1, 1], [1, 1, 1, 1, 1, 1, 1, 1, 1, 1, 1, 1, 1], [1, 1, 1, 1, 1, 1, 1, 1, 1, 1, 1, 0, 1], [1, 1, 1, 1, 1, 1, 1, 1, 1, 1, 1, 0, 1], [1, 1, 1, 1, 1, 1, 1, 1, 1, 1, 1, 0, 1], [1, 1, 1, 1, 1, 1, 1, 1, 1, 1, 1, 0, 1], [1, 1, 1, 1, 1, 1, 1, 1, 1, 1, 1, 0, 1], [1, 1, 1, 1, 1, 1, 1, 1, 1, 1, 1, 0, 1], [1, 1, 1, 1, 1, 1, 1, 1, 1, 1, 1, 1, 1], [1, 1, 1, 1, 1, 1, 1, 1, 1, 1, 1, 1, 1], [1, 1, 1, 1, 1, 1, 1, 1, 1, 1, 1, 1, 1], [-1, -1, -1, -1, -1, -1, -1, -1, -1, -1, -1, -1, -1], [-1, -1, -1, -1, -1, -1, -1, -1, -1, -1, -1, -1, -1], [1, 1, 1, 1, 1, 1, 1, 1, 1, 1, 1, 1, 1], [1, 1, 1, 1, 1, 1, 1, 1, 1, 1, 1, 1, 1], [-1, -1, -1, -1, -1, -1, -1, -1, -1, -1, -1, -1, -1], [1, 1, 1, 1, 1, 1, 1, 1, 1, 1, 1, 1, 1], [1, 1, 1, 1, 1, 1, 1, 1, 1, 1, 1, 1, 1], [1, 1, 1, 1, 1, 1, 1, 1, 1, 1, 1, 1, 1], [1, 1, 1, 1, 1, 1, 1, 1, 1, 1, 1, 1, 1], [1, 1, 1, 1, 1, 1, 1, 1, 1, 1, 1, 1, 1], [1, 1, 1, 1, 1, 1, 1, 1, 1, 1, 1, 1, 1], [1, 1, 1, 1, 1, 1, 1, 1, 1, 1, 1, 1, 1], [1, 1, 1, 1, 1, 1, 1, 1, 1, 1, 1, 1, 1], [1, 1, 1, 1, 1, 1, 1, 1, 1, 1, 1, 1, 1], [1, 1, 1, 1, 1, 1, 1, 1, 1, 1, 1, 1, 1], [1, 1, 1, 1, 1, 1, 1, 1, 1, 1, 1, 1, 1], [1, 1, 1, 1, 1, 1, 1, 1, 1, 1, 1, 1, 1], [1, 1, 1, 1, 1, 1, 1, 1, 1, 1, 1, 1, 1], [1, 1, 1, 1, 1, 1, 1, 1, 1, 1, 1, 1, 1]]


Data matrix info:
total number of elements is 1066
total number of value zero is 165
total number of value one is 738
total number of value negative one is 163
Recommendation made by analysts:
Cap_1B+ 50
Big_2000 55
Big_1500 59
Big_1000 74
Cap_5B+ 94
Big_750 96
SP500 119
Big_500 126
SICs-AllTech 133
S10-Tech 163
Big_250 189
Big_100 216
Very_High_Liquidity 261

HPQ analyst id in data matrix row:
{'Cap_1B+': 0, 'Big_2000': 1, 'Big_1500': 2, 'Big_1000': 3, 'Cap_5B+': 4, 'Big_750': 5, 'SP500': 6, 'Big_500': 7, 'SICs-AllTech': 8, 'S10-Tech': 9, 'Big_250': 10, 'Big_100': 11, 'Very_High_Liquidity': 12}

Recommendation made on important dates:
2012-08-30 8
2013-05-28 8
2013-05-31 8
2013-06-12 8
2013-06-18 8
2013-10-18 8
2013-11-01 8
2013-11-15 8
2013-12-23 8
2013-12-27 8
2012-05-02 9
2012-09-13 9
2013-03-08 9
2013-04-04 9
2013-04-16 9
2013-04-25 9
2013-05-30 9
2013-09-19 9
2013-10-04 9
2013-11-26 9
2012-03-09 10
2012-08-28 10
2012-09-26 10
2013-02-22 10
2013-03-20 10
2013-04-17 10
2013-07-01 10
2013-11-12 10
2012-03-30 11
2012-07-02 11
2012-09-04 11
2012-09-14 11
2012-09-17 11
2012-10-12 11
2013-02-25 11
2013-05-24 11
2013-10-01 11
2013-10-02 11
2013-11-13 11
2013-12-11 11
2012-07-11 12
2013-06-13 12
2013-09-16 12
2013-09-20 12
2013-10-25 12
2013-11-07 12
2013-11-21 12
2013-12-17 12
2012-07-03 13
2012-08-31 13
2012-10-15 13
2013-03-13 13
2013-06-21 13
2013-09-17 13
2013-09-23 13
2013-09-24 13
2013-09-25 13
2013-09-26 13
2013-09-27 13
2013-09-30 13
2013-11-18 13
2013-12-04 13
2013-12-12 13
2012-05-01 14
2012-08-08 14
2013-04-15 14
2013-06-07 14
2013-08-27 14
2013-10-17 14
2013-10-21 14
2013-11-04 14
2013-11-05 14
2013-11-06 14
2013-11-08 14
2013-11-11 14
2013-11-19 14
2013-11-20 14
2013-11-22 14
2013-11-25 14
2013-12-02 14
2013-12-05 14
2013-12-06 14

IF result for trustworthiness:
[3.539709240519137e-11, 5.872071782957566e-11, 2.470151532520618e-08, 0.0019549571677529914, 0.1247311581588303, 0.005201771586497565, 0.2930575700219313, 0.037785935209486025, 0.12795262239804048, 0.12795262239804048, 0.13958141901849536, 1.2116363740154922e-09, 0.14178191803365592]