AFL total recommendation: 1836

AFL training data matrix:
[[0, 0, 0, 0, 0, 1, 1, 1, 1, 1, 1, 1, 1], [0, 0, -1, -1, -1, -1, 0, 0, -1, -1, 0, -1, -1], [0, 0, 0, -1, -1, -1, 0, 0, -1, -1, -1, -1, -1], [-1, 0, 0, 0, 0, 0, -1, -1, 0, -1, -1, -1, -1], [0, 0, 0, -1, -1, -1, 0, 0, -1, -1, -1, -1, -1], [0, 0, 0, -1, -1, -1, 0, 0, -1, -1, -1, -1, -1], [0, 0, -1, -1, -1, -1, 0, 0, -1, -1, 0, -1, -1], [0, 0, 0, 0, 0, 1, 1, 1, 1, 1, 1, 1, 1], [0, 1, 1, 0, 1, 0, 0, 1, 1, 1, 0, 1, 1], [0, 0, 0, 1, 0, 1, 1, 0, 1, 1, 1, 1, 1], [0, 0, 0, 1, 0, 1, 1, 0, 1, 1, 1, 1, 1], [1, 0, 0, 1, 0, 1, 1, 0, 0, 1, 1, 1, 1], [0, 0, 0, 0, 1, 0, 1, 1, 1, 1, 1, 1, 1], [0, 0, 0, 1, 0, 1, 1, 1, 0, 1, 1, 1, 1], [0, 0, 0, 0, 1, 1, 1, 1, 1, 1, 1, 1, 1], [1, 0, 0, 1, 0, 1, 1, 0, 0, 1, 1, 1, 1], [0, 0, 0, 1, 0, 1, 1, 1, 1, 1, 1, 1, 1], [0, 0, 0, 0, -1, -1, -1, -1, -1, -1, -1, -1, -1], [0, 0, 0, -1, -1, -1, 0, -1, -1, -1, -1, -1, -1], [0, -1, -1, -1, -1, -1, 0, 0, -1, -1, 0, -1, -1], [0, -1, -1, -1, -1, -1, 0, 0, -1, -1, 0, -1, -1], [0, 0, 0, 0, 1, 1, 1, 1, 1, 1, 1, 1, 1], [1, 0, 0, 1, 0, 1, 1, 0, 1, 1, 1, 1, 1], [0, 1, 1, 0, 1, 1, 0, 1, 1, 1, 0, 1, 1], [0, 0, 0, 0, 1, 1, 1, 1, 1, 1, 1, 1, 1], [0, 1, 1, 0, 1, 1, 0, 1, 1, 1, 0, 1, 1], [0, 1, 1, 0, 1, 1, 0, 1, 1, 1, 0, 1, 1], [0, 0, 0, 0, 1, 1, 1, 1, 1, 1, 1, 1, 1], [0, 0, 0, 1, 1, 1, 1, 1, 1, 1, 1, 1, 1], [0, 0, 0, -1, -1, -1, -1, -1, -1, -1, -1, -1, -1], [-1, 0, 0, 0, -1, -1, -1, -1, -1, -1, -1, -1, -1], [0, 0, 0, -1, -1, -1, -1, -1, -1, -1, -1, -1, -1], [0, 0, 0, -1, -1, -1, -1, -1, -1, -1, -1, -1, -1], [0, -1, -1, -1, -1, -1, 0, 0, -1, -1, -1, -1, -1], [1, 0, 0, 1, 0, 1, 1, 1, 1, 1, 1, 1, 1], [0, 0, 0, 1, 1, 1, 1, 1, 1, 1, 1, 1, 1], [0, 0, 0, 1, 1, 1, 1, 1, 1, 1, 1, 1, 1], [0, -1, -1, -1, -1, -1, 0, -1, -1, -1, -1, -1, -1], [0, 1, 1, 0, 1, 1, 1, 1, 1, 1, 1, 1, 1], [1, 0, 0, 1, 1, 1, 1, 1, 1, 1, 1, 1, 1], [1, 0, 0, 1, 1, 1, 1, 1, 1, 1, 1, 1, 1], [0, 0, -1, -1, -1, -1, -1, -1, -1, -1, -1, -1, -1], [-1, 0, 0, 0, -1, -1, -1, -1, -1, -1, -1, -1, -1], [0, 0, -1, -1, -1, -1, -1, -1, -1, -1, -1, -1, -1], [0, -1, -1, -1, -1, -1, 0, -1, -1, -1, -1, -1, -1], [0, -1, -1, -1, -1, -1, 0, -1, -1, -1, -1, -1, -1], [0, 1, 1, 0, 1, 1, 1, 1, 1, 1, 1, 1, 1], [0, 1, 1, 0, 1, 1, 1, 1, 1, 1, 1, 1, 1], [0, 1, 1, 0, 1, 1, 1, 1, 1, 1, 1, 1, 1], [0, 1, 1, 1, 1, 1, 1, 1, 1, 1, 1, 1, 1], [-1, 0, 0, -1, -1, -1, -1, -1, -1, -1, -1, -1, -1], [-1, 0, 0, -1, -1, -1, -1, -1, -1, -1, -1, -1, -1], [0, -1, -1, -1, -1, -1, -1, -1, -1, -1, -1, -1, -1], [-1, 0, 0, -1, -1, -1, -1, -1, -1, -1, -1, -1, -1], [-1, 0, -1, -1, -1, -1, -1, -1, -1, -1, -1, -1, -1], [0, -1, -1, -1, -1, -1, -1, -1, -1, -1, -1, -1, -1], [0, -1, -1, -1, -1, -1, -1, -1, -1, -1, -1, -1, -1], [1, 0, 0, 1, 1, 1, 1, 1, 1, 1, 1, 1, 1], [1, 0, 0, 1, 1, 1, 1, 1, 1, 1, 1, 1, 1], [1, 0, 0, 1, 1, 1, 1, 1, 1, 1, 1, 1, 1], [0, 1, 1, 1, 1, 1, 1, 1, 1, 1, 1, 1, 1], [0, 1, 1, 1, 1, 1, 1, 1, 1, 1, 1, 1, 1], [0, 1, 1, 1, 1, 1, 1, 1, 1, 1, 1, 1, 1], [0, 1, 1, 1, 1, 1, 1, 1, 1, 1, 1, 1, 1], [0, 1, 1, 1, 1, 1, 1, 1, 1, 1, 1, 1, 1], [0, 1, 1, 1, 1, 1, 1, 1, 1, 1, 1, 1, 1], [0, 1, 1, 1, 1, 1, 1, 1, 1, 1, 1, 1, 1], [0, 1, 1, 1, 1, 1, 1, 1, 1, 1, 1, 1, 1], [-1, -1, -1, -1, -1, -1, -1, -1, -1, -1, -1, -1, -1], [-1, -1, -1, -1, -1, -1, -1, -1, -1, -1, -1, -1, -1], [-1, -1, -1, -1, -1, -1, -1, -1, -1, -1, -1, -1, -1], [-1, -1, -1, -1, -1, -1, -1, -1, -1, -1, -1, -1, -1], [-1, -1, -1, -1, -1, -1, -1, -1, -1, -1, -1, -1, -1], [1, 1, 1, 1, 1, 1, 1, 1, 1, 1, 1, 1, 1], [1, 1, 1, 1, 1, 1, 1, 1, 1, 1, 1, 1, 1], [1, 1, 1, 1, 1, 1, 1, 1, 1, 1, 1, 1, 1], [1, 0, 1, 1, 1, 1, 1, 1, 1, 1, 1, 1, 1], [1, 1, 1, 1, 1, 1, 1, 1, 1, 1, 1, 1, 1], [1, 1, 1, 1, 1, 1, 1, 1, 1, 1, 1, 1, 1], [1, 1, 1, 1, 1, 1, 1, 1, 1, 1, 1, 1, 1], [1, 1, 1, 1, 1, 1, 1, 1, 1, 1, 1, 1, 1], [1, 1, 1, 1, 1, 1, 1, 1, 1, 1, 1, 1, 1], [-1, -1, -1, -1, -1, -1, -1, -1, -1, -1, -1, -1, -1], [-1, -1, -1, -1, -1, -1, -1, -1, -1, -1, -1, -1, -1], [-1, -1, -1, -1, -1, -1, -1, -1, -1, -1, -1, -1, -1], [-1, -1, -1, -1, -1, -1, -1, -1, -1, -1, -1, -1, -1], [1, 1, 1, 1, 1, 1, 1, 1, 1, 1, 1, 1, 1], [1, 1, 1, 1, 1, 1, 1, 1, 1, 1, 1, 1, 1], [1, 1, 1, 1, 1, 1, 1, 1, 1, 1, 1, 1, 1], [1, 1, 1, 1, 1, 1, 1, 1, 1, 1, 1, 1, 1], [1, 1, 1, 1, 1, 1, 1, 1, 1, 1, 1, 1, 1], [1, 1, 1, 1, 1, 1, 1, 1, 1, 1, 1, 1, 1], [1, 1, 1, 1, 1, 1, 1, 1, 1, 1, 1, 1, 1], [1, 1, 1, 1, 1, 1, 1, 1, 1, 1, 1, 1, 1], [1, 1, 1, 1, 1, 1, 1, 1, 1, 1, 1, 1, 1], [1, 1, 1, 1, 1, 1, 1, 1, 1, 1, 1, 1, 1], [1, 1, 1, 1, 1, 1, 1, 1, 1, 1, 1, 1, 1], [1, 1, 1, 1, 1, 1, 1, 1, 1, 1, 1, 1, 1]]


Data matrix info:
total number of elements is 1274
total number of value zero is 206
total number of value one is 672
total number of value negative one is 396
Recommendation made by analysts:
Big_2000 52
Cap_1B+ 59
Big_1500 66
Big_1000 85
Big_750 118
Cap_5B+ 124
S7-Fin 136
High_Liquidity 137
Big_500 145
SP500 153
S7-Fin(exAllETF) 165
Big_250 231
SICs-Insurance 336

AFL analyst id in data matrix row:
{'Big_2000': 0, 'Cap_1B+': 1, 'Big_1500': 2, 'Big_1000': 3, 'Big_750': 4, 'Cap_5B+': 5, 'S7-Fin': 6, 'High_Liquidity': 7, 'Big_500': 8, 'SP500': 9, 'S7-Fin(exAllETF)': 10, 'Big_250': 11, 'SICs-Insurance': 12}

Recommendation made on important dates:
2012-01-05 8
2012-03-07 8
2012-05-31 8
2012-08-15 8
2012-11-02 8
2012-12-04 8
2012-12-06 8
2013-02-14 8
2013-02-22 8
2013-03-18 8
2013-04-04 8
2013-04-15 8
2013-07-23 8
2013-12-05 8
2012-03-27 9
2012-04-23 9
2012-05-21 9
2012-08-10 9
2012-11-20 9
2013-01-25 9
2013-01-28 9
2013-02-11 9
2013-04-16 9
2013-04-26 9
2013-05-29 9
2013-06-26 9
2013-07-25 9
2013-09-10 9
2012-05-24 10
2012-07-30 10
2012-09-12 10
2012-09-20 10
2012-11-26 10
2013-02-04 10
2013-02-12 10
2013-07-15 10
2013-07-18 10
2012-03-02 11
2012-03-22 11
2012-03-30 11
2012-04-24 11
2012-07-02 11
2012-07-16 11
2012-10-12 11
2012-11-13 11
2012-11-14 11
2013-01-07 11
2013-07-17 11
2013-12-13 11
2012-01-03 12
2012-07-12 12
2012-08-01 12
2012-08-09 12
2012-09-13 12
2012-10-17 12
2012-12-03 12
2012-12-11 12
2013-01-18 12
2013-01-23 12
2013-02-08 12
2013-03-25 12
2013-04-18 12
2013-05-17 12
2013-05-21 12
2013-05-28 12
2013-06-24 12
2013-07-19 12
2013-12-03 12
2012-07-31 13
2012-08-17 13
2012-11-15 13
2012-11-16 13
2012-11-19 13
2013-01-16 13
2013-02-13 13
2013-02-19 13
2013-03-19 13
2013-04-09 13
2013-05-20 13
2013-12-02 13
2013-12-04 13
2012-01-04 14
2012-05-07 14
2012-08-13 14
2012-08-14 14
2012-11-29 14
2013-01-17 14
2013-02-07 14
2013-04-05 14
2013-04-08 14
2013-04-10 14
2013-04-11 14
2013-04-12 14
2013-04-19 14
2013-04-22 14
2013-04-23 14
2013-05-16 14
2013-11-12 14

IF result for trustworthiness:
[3.866998197120405e-19, 1.0308243023743604e-14, 1.6396027359091972e-12, 1.3639678291487888e-06, 0.0018617384979782296, 0.1107508357447231, 2.5374578679667862e-05, 0.0006404614910954102, 0.08337631226666747, 0.26543111873619, 0.007050557242806921, 0.26543111873619, 0.26543111873619]
