DB total recommendation: 1590

DB training data matrix:
[[0, 0, 0, 0, 1, 1, 1, 1, 1, 1, 1, 0, 1], [0, 0, 0, 0, 1, 0, 1, 1, 1, 1, 1, 1, 1], [0, 0, 0, 1, 0, 1, 0, 1, 1, 1, 1, 1, 1], [0, 0, 0, 0, 0, 1, 1, 1, 1, 1, 1, 1, 1], [0, 0, 0, 0, 1, 0, 1, 1, 1, 1, 1, 1, 1], [0, 0, 0, 0, 1, 1, 0, 1, 1, 1, 1, 1, 1], [0, 0, 0, -1, 0, -1, -1, 0, -1, -1, -1, -1, -1], [0, 0, 0, 1, 1, 1, 0, 0, 1, 1, 1, 1, 1], [0, 0, 0, 0, 1, 1, 1, 1, 1, 1, 1, 1, 0], [0, 1, 1, 0, 0, 0, 1, 1, 0, 1, 1, 1, 1], [0, 0, -1, -1, -1, -1, -1, 0, -1, -1, -1, 0, -1], [0, -1, -1, -1, 0, -1, -1, 0, -1, -1, -1, 0, -1], [0, -1, -1, -1, 0, -1, -1, 0, -1, -1, -1, 0, -1], [0, 0, 0, 1, 1, 1, 1, 1, 1, 1, 1, 0, 1], [0, 0, 0, 1, 1, 1, 1, 1, 1, 1, 1, 0, 1], [0, 0, 0, 1, 1, 1, 0, 1, 1, 1, 1, 1, 1], [0, 0, 0, 1, 1, 1, 0, 1, 1, 1, 1, 1, 1], [0, 0, 0, 1, 1, 1, 1, 0, 1, 1, 1, 1, 1], [1, 0, 0, 1, 1, 1, 0, 0, 1, 1, 1, 1, 1], [0, 0, 0, 1, 1, 1, 0, 1, 1, 1, 1, 1, 1], [0, 0, 0, 1, 1, 1, 1, 1, 1, 1, 1, 1, 0], [0, 0, 0, 1, 1, 1, 1, 1, 1, 1, 1, 1, 0], [0, 0, 0, 1, 1, 1, 0, 1, 1, 1, 1, 1, 1], [0, 1, 1, 0, 0, 1, 1, 1, 1, 1, 1, 1, 0], [0, 1, 1, 0, 0, 1, 1, 1, 0, 1, 1, 1, 1], [0, 1, 1, 1, 1, 1, 1, 1, 1, 1, 1, 0, 0], [1, 0, 0, 1, 1, 1, 0, 0, 1, 1, 1, 1, 1], [0, 0, 0, 1, 1, 1, 1, 1, 1, 1, 1, 1, 1], [0, 0, 0, 1, 1, 1, 1, 1, 1, 1, 1, 1, 1], [1, 0, 0, 1, 1, 1, 1, 1, 1, 1, 1, 1, 0], [1, 0, 0, 1, 1, 1, 1, 1, 1, 1, 1, 1, 0], [0, 1, 1, 0, 1, 0, 1, 1, 1, 1, 1, 1, 1], [0, 0, 0, 1, 1, 1, 1, 1, 1, 1, 1, 1, 1], [0, -1, -1, -1, 0, -1, -1, 0, -1, -1, -1, -1, -1], [0, -1, -1, -1, 0, -1, -1, 0, -1, -1, -1, -1, -1], [1, 1, 1, 1, 1, 1, 1, 1, 1, 1, 1, 0, 0], [0, 1, 1, 1, 1, 1, 1, 1, 1, 1, 1, 0, 1], [-1, 0, -1, -1, -1, -1, -1, -1, -1, -1, -1, 0, -1], [0, 1, 1, 0, 1, 1, 1, 1, 1, 1, 1, 1, 1], [1, 0, 0, 1, 1, 1, 1, 1, 1, 1, 1, 1, 1], [1, 0, 0, 1, 1, 1, 1, 1, 1, 1, 1, 1, 1], [1, 0, 0, 1, 1, 1, 1, 1, 1, 1, 1, 1, 0], [1, 0, 0, 1, 1, 1, 1, 1, 1, 1, 1, 1, 1], [1, 0, 0, 1, 1, 1, 1, 1, 1, 1, 1, 1, 1], [1, 0, 0, 1, 1, 1, 1, 1, 1, 1, 1, 1, 0], [1, 0, 0, 1, 1, 1, 1, 1, 1, 1, 1, 1, 0], [0, 1, 1, 1, 1, 1, 1, 1, 1, 1, 1, 1, 0], [0, 1, 1, 1, 1, 1, 1, 1, 1, 1, 1, 1, 0], [0, 1, 1, 1, 1, 1, 1, 1, 1, 1, 1, 1, 0], [1, 0, 1, 1, 1, 1, 1, 1, 1, 1, 1, 1, 0], [1, 1, 1, 1, 1, 1, 1, 1, 1, 1, 1, 0, 1], [0, 1, 1, 1, 1, 1, 1, 1, 1, 1, 1, 1, 1], [1, 0, 0, 1, 1, 1, 1, 1, 1, 1, 1, 1, 1], [1, 0, 0, 1, 1, 1, 1, 1, 1, 1, 1, 1, 1], [1, 0, 0, 1, 1, 1, 1, 1, 1, 1, 1, 1, 1], [0, 1, 1, 1, 1, 1, 1, 1, 1, 1, 1, 1, 1], [0, 1, 1, 1, 1, 1, 1, 1, 1, 1, 1, 1, 1], [0, 1, 1, 1, 1, 1, 1, 1, 1, 1, 1, 1, 1], [0, 1, 1, 1, 1, 1, 1, 1, 1, 1, 1, 1, 1], [0, 1, 1, 1, 1, 1, 1, 1, 1, 1, 1, 1, 1], [1, 1, 1, 1, 1, 1, 1, 1, 1, 1, 1, 1, 0], [0, 1, 1, 1, 1, 1, 1, 1, 1, 1, 1, 1, 1], [0, 1, 1, 1, 1, 1, 1, 1, 1, 1, 1, 1, 1], [1, 1, 1, 1, 1, 1, 1, 1, 1, 1, 1, 0, 1], [1, 1, 1, 1, 1, 1, 1, 1, 1, 1, 1, 0, 1], [1, 1, 1, 1, 1, 1, 1, 1, 1, 1, 1, 0, 1], [1, 1, 1, 1, 1, 1, 1, 1, 1, 1, 1, 1, 1], [1, 1, 1, 1, 1, 1, 1, 1, 1, 1, 1, 1, 1], [1, 1, 1, 1, 1, 1, 1, 1, 1, 1, 1, 1, 1], [1, 1, 1, 1, 1, 1, 1, 1, 1, 1, 1, 1, 0], [1, 1, 1, 1, 1, 1, 1, 1, 1, 1, 1, 1, 1], [1, 1, 1, 1, 1, 1, 1, 1, 1, 1, 1, 1, 1], [1, 1, 1, 1, 1, 1, 1, 1, 1, 1, 1, 1, 1], [1, 1, 1, 1, 1, 1, 1, 1, 1, 1, 1, 1, 1], [1, 1, 1, 1, 1, 1, 1, 1, 1, 1, 1, 1, 1], [1, 1, 1, 1, 1, 1, 1, 1, 1, 1, 1, 1, 1], [1, 1, 1, 1, 1, 1, 1, 1, 1, 1, 1, 1, 1], [1, 1, 1, 1, 1, 1, 1, 1, 1, 1, 1, 1, 1], [1, 1, 1, 1, 1, 1, 1, 1, 1, 1, 1, 1, 1], [1, 1, 1, 1, 1, 1, 1, 1, 1, 1, 1, 1, 1], [1, 1, 1, 1, 1, 1, 1, 1, 1, 1, 1, 1, 1], [1, 1, 1, 1, 1, 1, 1, 1, 1, 1, 1, 1, 1], [1, 1, 1, 1, 1, 1, 1, 1, 1, 1, 1, 1, 1], [1, 1, 1, 1, 1, 1, 1, 1, 1, 1, 1, 1, 1], [1, 1, 1, 1, 1, 1, 1, 1, 1, 1, 1, 1, 1], [1, 1, 1, 1, 1, 1, 1, 1, 1, 1, 1, 1, 1], [1, 1, 1, 1, 1, 1, 1, 1, 1, 1, 1, 1, 1]]


Data matrix info:
total number of elements is 1131
total number of value zero is 194
total number of value one is 871
total number of value negative one is 66
Recommendation made by analysts:
Big_2000 44
Cap_1B+ 51
Big_1500 55
Big_1000 80
S7-Fin 93
Cap_5B+ 102
Big_750 105
High_Liquidity 106
S7-Fin(exAllETF) 123
Big_500 143
Big_250 196
SICs-Banks 230
Big_100 237

DB analyst id in data matrix row:
{'Big_2000': 0, 'Cap_1B+': 1, 'Big_1500': 2, 'Big_1000': 3, 'S7-Fin': 4, 'Cap_5B+': 5, 'Big_750': 6, 'High_Liquidity': 7, 'S7-Fin(exAllETF)': 8, 'Big_500': 9, 'Big_250': 10, 'SICs-Banks': 11, 'Big_100': 12}

Recommendation made on important dates:
2012-03-06 8
2012-05-11 8
2012-06-13 8
2012-10-10 8
2012-11-02 8
2012-12-24 8
2013-03-14 8
2013-03-22 8
2013-04-24 8
2013-05-13 8
2012-02-01 9
2012-02-08 9
2012-02-09 9
2012-03-07 9
2012-03-08 9
2012-04-13 9
2012-04-23 9
2012-04-24 9
2012-04-25 9
2012-05-02 9
2012-06-05 9
2012-06-06 9
2013-01-18 9
2013-04-23 9
2013-05-10 9
2012-01-11 10
2012-04-30 10
2012-05-10 10
2012-05-21 10
2012-06-04 10
2012-07-31 10
2012-09-19 10
2012-12-18 10
2013-03-01 10
2013-03-13 10
2012-01-09 11
2012-01-20 11
2012-02-02 11
2012-04-04 11
2012-04-20 11
2012-06-01 11
2012-06-08 11
2012-06-19 11
2012-06-29 11
2012-08-07 11
2012-08-08 11
2012-08-29 11
2013-04-26 11
2013-04-30 11
2013-05-02 11
2012-01-05 12
2012-04-09 12
2012-04-18 12
2012-04-26 12
2012-04-27 12
2012-05-14 12
2012-09-17 12
2012-09-24 12
2012-09-27 12
2012-11-06 12
2013-05-03 12
2013-05-06 12
2013-05-08 12
2012-01-06 13
2012-01-23 13
2012-01-24 13
2012-05-08 13
2012-05-18 13
2012-06-12 13
2012-08-01 13
2012-09-14 13
2012-09-18 13
2012-12-19 13
2013-05-07 13
2012-04-16 14
2012-04-17 14
2012-04-19 14
2012-05-22 14
2012-05-23 14
2012-05-24 14
2012-05-25 14
2012-05-29 14
2012-05-30 14
2012-05-31 14
2012-06-11 14
2012-09-21 14
2012-09-26 14

IF result for trustworthiness:
[1.5120077319365132e-13, 1.3721076704184494e-11, 1.2777377028242439e-10, 0.0032810839115659193, 0.005218914998615282, 0.08390388128114383, 0.005138240192583528, 0.0028937710863462655, 0.20158334734344294, 0.34897707029305264, 0.34897707029305264, 2.45737273341958e-05, 2.046731216564664e-06]
